sq 40,20,0 0.5,0.5,0 50 255,255,255

sq -20,20,0 0,0.5,1 50 255,255,255 1

sp 40,80,0 6 255,255,255 0 1
sp 0,60,5 25 100,100,010 1 0
cy 0,-50,5 0,0,0 50,50,0 10 30 

tr 0,79,-45 -10,65,-50 10,65,-50 255,0,0 1 0

cu -20,20,40 0,0.5,1 60 255,255,0 


-----------------------------

sp 0,60,5 25 100,100,010 1 0

sp 12,-50,30 6 255,255,255 0 1
sp -20,30,10 10 100,100,010 1 0
sp 56,-20,12 9 255,255,255 0 1
sp 0,-30,20 15 100,100,010 1 0
sp 35,-25,10 13 255,255,255 0 
sp  		55,26,13	 18 100,100,010 1 0
sp -50,-50,12 5 255,255,255 0 1
sp -10,10,20 15 100,100,010 1 0


py -20,20,40 0.2,0.5,0 10 30 180,200,128 0
cu -20,20,40 0,0.5,1 15 255,255,0  	
sp 40,80,0 6 255,255,255 0 1
-----------

pl -200,0,0 	1,0,0	255,255,255 
pl 200,0,0 		1,0,0 	010,000,255 
cy 70,70,5 1,0.5,0 255,255,255 10 30 


tr 0,79,-45 -10,65,-50 10,65,-50 255,0,0 1 0

cu -20,20,40 0,0.5,1 15 255,255,0 